2.5 1.0 2 7 7 4 10	1
3.0 1.0 2 7 7 3 6	1
2.0 1.0 2 7 7 5 12	1
5.4 1.0 1 13 13 6 44	1
6.0 1.0 2 13 13 3 21	1
6.0 1.0 2 13 13 4 21	1
3.85714285714 1.0 3 13 13 8 42	1
5.5 1.0 3 13 13 4 20	1
5.5 1.0 2 13 13 4 20	1
4.25 1.0 2 13 13 5 25	1
1.0 3.0 12 9 15 3 10	1
1.0 1.5 12 2 15 4 4	1
0 0 3 9 15 2 0	1
1.0 1.0 3 9 15 2 1	1
1.0 1.0 12 9 15 4 4	1
1.0 3.0 12 2 15 3 10	1
1.0 3.0 12 2 15 4 20	1
1.0 3.0 12 9 15 3 10	1
2.0 1.0 4 219 237 3 4	1
4.0 1.0 4 219 237 7 28	1
1.75 1.0 2 219 237 6 8	1
0 0 16 219 237 2 0	1
0 0 88 219 237 2 0	1
0 0 88 219 237 2 0	1
5.0 1.33333333333 4 219 237 5 55	1
0 0 2 219 237 2 0	1
2.0 1.0 6 219 237 5 15	1
0 0 2 219 237 2 0	1
2.0 1.0 6 219 237 5 15	1
4.0 2.0 4 219 237 3 18	1
4.33333333333 1.0 4 219 237 5 42	1
1.0 1.0 88 219 237 4 4	1
4.0 2.0 16 219 237 3 18	1
3.0 1.33333333333 16 219 237 5 26	1
4.0 2.0 4 219 237 3 18	1
0 0 88 219 237 2 0	1
4.33333333333 1.0 4 219 237 5 41	1
4.66666666667 1.0 5 219 237 5 42	1
4.0 2.0 88 8 237 3 18	1
0 0 88 2 237 2 0	1
0 0 88 219 237 2 0	1
0 0 88 219 237 2 0	1
0 0 88 8 237 2 0	1
3.5 1.0 16 219 237 4 24	1
3.0 2.0 2 219 237 4 12	1
5.0 1.33333333333 16 219 237 5 55	1
4.66666666667 1.0 2 219 237 5 24	1
1.0 1.0 2 219 237 3 2	1
1.0 1.0 88 219 237 3 2	1
3.0 1.0 4 219 237 8 42	1
0 0 4 219 237 2 0	1
3.0 2.0 88 8 237 4 12	1
1.0 1.0 88 219 237 5 9	1
4.0 2.0 88 8 237 3 18	1
4.0 2.0 4 219 237 3 8	1
7.0 1.0 88 219 237 4 22	1
0 0 16 219 237 2 0	1
0 0 88 219 237 2 0	1
0 0 4 219 237 2 0	1
0 0 88 219 237 2 0	1
0 0 88 219 237 2 0	1
2.0 1.0 4 219 237 3 4	1
9.0 1.0 6 219 237 3 16	1
0 0 88 2 237 2 0	1
4.5 1.0 2 219 237 4 6	1
1.0 1.0 4 219 237 3 2	1
0 0 88 219 237 2 0	1
0 0 88 219 237 2 0	1
4.0 2.0 4 219 237 3 8	1
0 0 88 219 237 2 0	1
0 0 88 219 237 2 0	1
2.66666666667 1.0 16 219 237 5 21	1
9.0 1.0 88 219 237 3 16	1
4.0 2.0 16 219 237 3 18	1
0 0 88 219 237 2 0	1
1.5 1.0 88 219 237 5 15	1
7.0 1.0 6 219 237 4 22	1
0 0 2 219 237 2 0	1
5.0 1.33333333333 4 219 237 5 55	1
9.0 1.0 88 219 237 3 16	1
0 0 2 219 237 2 0	1
3.5 1.0 88 219 237 4 6	1
0 0 88 219 237 2 0	1
1.0 1.0 88 219 237 4 4	1
2.0 1.0 88 219 237 3 2	1
0 0 6 219 237 2 0	1
7.0 1.0 88 219 237 4 22	1
0 0 88 219 237 2 0	1
4.0 1.0 4 26 26 4 22	1
6.0 1.0 4 26 26 4 32	1
2.875 1.0 2 26 26 10 48	1
0 0 7 26 26 3 0	1
4.66666666667 1.0 2 26 26 5 34	1
4.66666666667 1.0 4 26 26 5 36	1
3.2 1.0 7 26 26 7 38	1
4.66666666667 1.0 2 26 26 5 36	1
3.0 1.0 2 26 26 5 24	1
4.0 1.0 7 26 26 4 22	1
1.57142857143 1.0 2 26 26 9 22	1
4.66666666667 1.0 4 26 26 5 36	1
1.0 1.0 14 67 67 7 22	1
3.66666666667 1.0 10 67 67 5 24	1
1.85714285714 1.0 4 67 67 9 22	1
3.2 1.0 2 67 67 7 28	1
2.66666666667 1.0 7 67 67 5 26	1
3.0 1.0 7 67 67 3 4	1
1.33333333333 1.0 18 67 67 5 21	1
1.71428571429 1.0 18 67 67 9 48	1
1.5 1.0 14 67 67 12 52	1
2.5 1.0 10 67 67 6 48	1
2.0 1.0 14 67 67 13 36	1
1.71428571429 1.0 18 67 67 9 48	1
3.0 1.0 10 67 67 4 28	1
2.5 1.0 10 67 67 6 48	1
2.83333333333 1.0 18 67 67 8 40	1
2.0 1.0 18 67 67 4 22	1
2.25 1.0 18 67 67 5 29	1
1.75 1.0 10 67 67 10 56	1
2.66666666667 1.0 2 67 67 5 10	1
2.66666666667 1.0 4 67 67 8 30	1
1.0 1.0 14 67 67 6 16	1
2.5 1.0 4 67 67 6 44	1
2.5 1.0 7 67 67 5 28	1
2.5 1.0 4 67 67 6 44	1
1.0 1.0 14 67 67 5 6	1
1.33333333333 1.0 18 67 67 5 21	1
2.25 1.0 18 67 67 6 29	1
1.0 1.0 2 67 67 3 2	1
2.0 1.0 18 67 67 4 24	1
3.0 1.0 7 67 67 3 4	1
1.0 1.0 14 67 67 6 20	1
1.5 1.0 14 67 67 6 8	1
2.83333333333 1.0 18 67 67 8 40	1
1.5 1.0 10 17 17 3 2	1
2.5 1.0 2 17 17 4 12	1
2.5 1.0 10 17 17 4 12	1
0 0 10 17 17 2 0	1
0 0 2 17 17 2 0	1
2.5 1.0 10 17 17 4 12	1
0 0 2 17 17 2 0	1
0 0 10 17 17 2 0	1
2.5 4.5 50 37 65 4 26	1
1.0 1.25 50 37 65 6 9	1
4.0 8.0 50 2 65 3 24	1
2.0 1.33333333333 50 37 65 5 24	1
1.5 2.25 50 2 65 6 26	1
1.0 1.0 50 37 65 3 2	1
1.66666666667 1.83333333333 50 37 65 8 40	1
2.5 4.5 50 4 65 4 26	1
1.75 1.0 2 37 65 6 14	1
4.0 8.0 50 4 65 3 24	1
1.66666666667 2.33333333333 50 3 65 6 23	1
1.0 3.75 50 2 65 6 16	1
2.5 5.0 50 2 65 4 26	1
4.0 8.0 50 2 65 3 24	1
1.66666666667 1.0 50 37 65 5 14	1
2.5 1.5 2 37 65 6 31	1
1.0 1.0 2 37 65 3 2	1
1.75 3.0 50 2 65 6 30	1
4.0 8.0 50 2 65 3 24	1
1.5 1.5 50 2 65 4 12	1
4.0 8.0 50 2 65 3 24	1
4.0 8.0 2 37 65 3 24	1
1.25 1.0 50 37 65 6 14	1
4.0 8.0 2 37 65 3 24	1
2.0 1.33333333333 50 37 65 5 24	1
2.66666666667 2.0 2 37 65 5 35	1
2.5 1.5 50 37 65 4 22	1
1.6 1.4 50 37 65 7 31	1
4.0 8.0 2 37 65 3 24	1
1.0 1.0 2 8 8 4 4	1
1.0 1.0 2 8 8 7 10	1
2.0 1.0 2 8 8 4 6	1
1.66666666667 1.0 1 8 8 4 7	1
3.0 5.0 10 189 496 3 2	1
7.0 18.6666666667 420 2 496 5 377	1
1.0 1.0 420 189 496 3 6	1
6.5 20.0 420 189 496 4 299	1
12.0 37.0 420 2 496 3 287	1
9.0 24.5 420 18 496 4 357	1
2.4 4.2 420 17 496 7 19	1
0 0 420 189 496 2 0	1
1.33333333333 3.0 420 18 496 5 16	1
12.0 37.0 420 189 496 3 287	1
2.0 3.0 420 2 496 3 2	1
3.75 11.5 420 189 496 6 310	1
1.0 1.0 420 14 496 3 2	1
2.33333333333 4.33333333333 2 189 496 5 27	1
2.0 5.5 420 189 496 4 30	1
3.5 3.5 420 17 496 4 20	1
12.0 37.0 420 21 496 3 287	1
1.0 5.0 420 189 496 3 21	1
4.66666666667 15.3333333333 420 31 496 4 303	1
1.0 2.0 420 2 496 3 2	1
0 0 420 14 496 2 0	1
0 0 420 5 496 2 0	1
7.33333333333 18.0 6 189 496 5 369	1
9.0 24.5 420 18 496 4 357	1
9.0 24.5 420 6 496 4 357	1
0 0 420 189 496 2 0	1
4.66666666667 14.6666666667 420 1 496 4 305	1
6.5 21.0 420 4 496 4 300	1
7.0 19.5 6 189 496 4 291	1
6.5 20.0 420 4 496 4 291	1
7.5 21.0 420 28 496 4 299	1
4.66666666667 15.3333333333 420 28 496 5 303	1
2.0 5.5 420 2 496 4 30	1
1.0 2.0 420 189 496 5 14	1
1.0 1.0 420 2 496 3 2	1
7.0 19.5 420 189 496 4 295	1
8.0 21.0 420 21 496 4 303	1
5.0 11.4 420 14 496 7 329	1
0 0 420 2 496 2 0	1
5.66666666667 15.3333333333 420 31 496 5 317	1
2.0 2.0 420 31 496 3 4	1
3.0 10.0 420 2 496 3 28	1
2.0 5.5 6 189 496 4 22	1
1.33333333333 2.33333333333 420 6 496 5 16	1
4.66666666667 14.6666666667 420 189 496 5 301	1
1.0 1.0 420 2 496 4 4	1
0 0 420 2 496 2 0	1
9.0 24.5 420 189 496 4 357	1
1.0 1.5 420 2 496 4 4	1
9.0 24.5 420 8 496 4 357	1
9.0 24.5 420 6 496 4 357	1
12.0 37.0 420 6 496 3 287	1
6.5 19.0 420 28 496 4 289	1
2.33333333333 4.33333333333 420 1 496 4 27	1
2.0 4.0 420 21 496 4 7	1
6.5 19.0 420 10 496 4 289	1
3.0 10.0 2 189 496 3 28	1
6.33333333333 17.0 420 189 496 5 363	1
0 0 420 4 496 2 0	1
4.25 12.75 420 18 496 6 320	1
12.0 37.0 420 10 496 3 287	1
7.0 18.6666666667 420 189 496 5 377	1
0 0 420 189 496 2 0	1
5.66666666667 15.6666666667 420 10 496 5 312	1
2.0 5.5 420 17 496 4 22	1
3.75 10.5 420 6 496 6 303	1
4.0 12.25 420 28 496 6 295	1
4.66666666667 14.6666666667 420 17 496 5 300	1
12.0 37.0 420 31 496 3 287	1
0 0 6 189 496 2 0	1
1.0 2.5 420 2 496 4 8	1
1.0 2.0 420 189 496 3 4	1
7.0 21.0 420 31 496 4 299	1
5.33333333333 14.3333333333 420 189 496 5 293	1
0 0 420 2 496 2 0	1
3.0 10.0 420 2 496 3 28	1
9.0 24.5 10 189 496 4 357	1
5.66666666667 17.3333333333 420 8 496 5 327	1
12.0 37.0 420 21 496 3 287	1
1.66666666667 1.5 3 189 496 7 10	1
6.5 19.0 1 189 496 3 288	1
9.0 24.5 6 189 496 4 357	1
6.5 21.0 420 189 496 4 300	1
12.0 37.0 420 189 496 3 287	1
12.0 37.0 420 21 496 3 287	1
7.0 20.5 10 189 496 4 294	1
1.0 2.0 420 6 496 3 4	1
12.0 37.0 420 189 496 3 287	1
5.33333333333 14.3333333333 420 31 496 5 293	1
12.0 37.0 6 189 496 3 287	1
7.33333333333 18.0 6 189 496 5 369	1
12.0 37.0 420 189 496 3 287	1
7.0 20.5 420 2 496 4 294	1
9.0 24.5 420 189 496 4 357	1
4.25 12.0 420 6 496 6 313	1
4.66666666667 15.6666666667 420 2 496 5 317	1
6.5 21.5 420 31 496 4 295	1
1.66666666667 3.66666666667 420 189 496 5 28	1
4.5 11.5 2 189 496 6 311	1
2.0 5.5 420 6 496 4 22	1
2.0 5.5 420 2 496 4 30	1
9.0 24.5 6 189 496 4 357	1
12.0 37.0 420 21 496 3 287	1
0 0 420 189 496 2 0	1
12.0 37.0 420 189 496 3 287	1
0 0 420 14 496 2 0	1
2.0 6.0 10 189 496 4 18	1
6.5 19.0 420 10 496 4 289	1
6.5 21.5 420 28 496 4 295	1
3.0 10.0 420 189 496 3 28	1
3.2 9.2 420 14 496 7 309	1
6.5 19.0 420 21 496 4 289	1
0 0 420 189 496 2 0	1
4.66666666667 15.0 420 31 496 5 304	1
3.0 10.0 4 189 496 3 28	1
5.0 15.6666666667 420 2 496 5 313	1
7.0 20.5 420 28 496 4 305	1
1.0 1.0 420 189 496 3 6	1
6.5 19.0 420 18 496 4 289	1
6.33333333333 17.0 420 189 496 5 363	1
4.5 14.25 420 2 496 6 293	1
12.0 37.0 420 6 496 3 287	1
12.0 37.0 420 2 496 3 287	1
6.5 20.5 420 31 496 4 295	1
6.5 20.0 420 4 496 4 291	1
1.0 5.0 420 2 496 3 21	1
4.66666666667 13.0 420 4 496 5 291	1
1.0 2.0 420 189 496 3 4	1
12.0 37.0 420 17 496 3 287	1
7.0 21.0 420 31 496 4 299	1
12.0 37.0 420 5 496 3 287	1
1.0 1.33333333333 420 18 496 5 8	1
0 0 420 8 496 2 0	1
1.33333333333 3.33333333333 420 189 496 5 27	1
1.0 2.0 420 14 496 3 2	1
7.0 20.5 420 28 496 4 305	1
12.0 37.0 420 189 496 3 287	1
6.5 21.5 420 2 496 4 295	1
4.66666666667 15.3333333333 420 18 496 5 303	1
2.0 7.0 420 2 496 4 30	1
1.66666666667 3.66666666667 420 28 496 5 28	1
9.0 24.5 420 2 496 4 357	1
3.0 10.0 420 6 496 3 28	1
6.5 19.5 420 14 496 4 290	1
0 0 4 189 496 2 0	1
4.4 10.2 6 189 496 7 333	1
1.0 5.0 420 189 496 3 21	1
6.5 20.5 420 2 496 4 294	1
9.0 24.5 420 189 496 4 357	1
3.0 10.0 6 189 496 3 2	1
0 0 420 2 496 2 0	1
9.0 24.5 420 21 496 4 357	1
0 0 420 14 496 2 0	1
6.5 20.5 420 2 496 4 295	1
6.5 19.0 420 17 496 4 289	1
9.0 24.5 420 4 496 4 357	1
7.0 20.5 420 28 496 4 305	1
7.0 22.5 420 28 496 4 291	1
1.5 3.83333333333 420 189 496 8 49	1
9.0 24.5 420 189 496 4 357	1
9.0 24.5 2 189 496 4 357	1
2.0 6.0 420 31 496 4 18	1
1.0 1.0 420 189 496 3 2	1
7.0 20.5 420 28 496 4 305	1
0 0 420 4 496 2 0	1
12.0 37.0 420 14 496 3 287	1
3.0 10.0 420 2 496 3 28	1
12.0 37.0 10 189 496 3 287	1
1.0 5.0 420 6 496 3 21	1
1.5 3.75 420 4 496 6 8	1
7.0 20.5 420 31 496 4 305	1
3.0 8.0 420 10 496 3 2	1
6.5 20.0 420 28 496 4 293	1
12.0 37.0 10 189 496 3 287	1
2.0 6.0 420 14 496 3 17	1
0 0 420 2 496 2 0	1
0 0 6 189 496 2 0	1
5.5 13.0 420 31 496 6 317	1
2.0 5.5 420 6 496 4 22	1
1.0 2.33333333333 420 189 496 5 18	1
0 0 420 14 496 2 0	1
12.0 37.0 420 189 496 3 287	1
0 0 420 14 496 2 0	1
0 0 10 189 496 2 0	1
7.0 18.6666666667 420 189 496 5 377	1
7.0 21.5 420 28 496 4 289	1
7.0 19.5 420 189 496 4 295	1
1.0 2.0 420 18 496 3 4	1
12.0 37.0 420 189 496 3 287	1
5.0 12.5 420 31 496 6 325	1
1.0 1.0 420 18 496 3 2	1
1.0 5.0 420 4 496 3 21	1
6.33333333333 18.0 420 189 496 5 378	1
8.0 21.0 4 189 496 4 303	1
6.5 20.0 420 2 496 4 293	1
4.5 9.83333333333 10 189 496 8 333	1
9.0 24.5 10 189 496 4 357	1
6.5 20.0 420 14 496 4 293	1
0 0 420 4 496 2 0	1
9.0 24.5 420 2 496 4 357	1
4.66666666667 15.0 420 21 496 5 304	1
1.6 2.6 420 189 496 7 39	1
9.0 24.5 420 8 496 4 357	1
2.0 5.5 420 2 496 4 22	1
7.0 19.5 420 14 496 4 291	1
6.5 20.5 420 17 496 4 295	1
6.5 20.0 420 189 496 4 299	1
2.0 7.0 420 189 496 3 6	1
12.0 37.0 10 189 496 3 287	1
7.0 18.6666666667 420 4 496 5 377	1
4.25 14.5 420 2 496 6 307	1
0 0 420 189 496 2 0	1
1.5 3.5 420 5 496 3 26	1
12.0 37.0 420 4 496 3 287	1
12.0 37.0 420 6 496 3 287	1
4.66666666667 15.6666666667 420 189 496 5 317	1
6.33333333333 18.0 420 189 496 5 378	1
7.0 19.5 420 31 496 4 295	1
7.5 21.0 420 6 496 4 299	1
5.0 14.6666666667 420 28 496 5 306	1
2.0 7.0 420 4 496 3 3	1
3.0 5.33333333333 420 17 496 6 15	1
5.75 14.5 4 189 496 6 381	1
1.33333333333 3.33333333333 420 2 496 5 27	1
6.33333333333 17.0 420 6 496 5 363	1
0 0 420 4 496 2 0	1
3.5 6.5 420 6 496 4 72	1
6.5 20.5 420 2 496 4 295	1
3.0 10.0 420 2 496 3 28	1
3.0 10.0 420 6 496 3 28	1
1.33333333333 3.0 420 189 496 5 25	1
7.33333333333 18.0 6 189 496 5 369	1
1.0 5.0 420 189 496 3 21	1
1.0 2.0 420 2 496 5 14	1
3.5 3.5 3 189 496 4 20	1
9.0 24.5 420 6 496 4 357	1
12.0 37.0 420 189 496 3 287	1
9.0 24.5 420 189 496 4 357	1
7.0 20.5 420 189 496 4 305	1
4.66666666667 15.6666666667 420 31 496 5 317	1
5.66666666667 15.3333333333 420 21 496 5 311	1
8.0 1.0 2 81 104 3 44	1
5.75 1.25 2 81 104 6 96	1
4.66666666667 1.66666666667 38 81 104 5 40	1
3.6 1.2 2 81 104 7 30	1
1.33333333333 2.33333333333 38 81 104 5 14	1
8.0 1.0 38 81 104 3 22	1
8.0 1.0 2 81 104 3 22	1
8.0 1.0 2 81 104 3 22	1
1.33333333333 2.33333333333 38 2 104 5 14	1
6.5 1.0 4 81 104 4 68	1
8.0 1.0 2 81 104 3 44	1
8.0 1.0 38 81 104 3 44	1
8.0 1.0 4 81 104 3 44	1
4.0 1.66666666667 4 81 104 5 44	1
5.75 1.25 4 81 104 6 96	1
1.5 1.0 2 12 12 3 5	1
0 0 3 12 12 1 0	1
2.14285714286 1.0 2 12 12 9 18	1
0 0 3 12 12 1 0	1
1.0 1.0 3 12 12 2 1	1
3.0 1.0 8 125 125 3 4	1
1.0 1.0 8 125 125 3 4	1
2.0 1.0 16 125 125 3 13	1
3.0 1.0 8 125 125 3 8	1
3.0 1.0 8 125 125 4 15	1
1.0 1.0 73 125 125 3 2	1
2.33333333333 1.0 16 125 125 5 32	1
5.0 1.0 8 125 125 3 13	1
2.5 1.0 8 125 125 4 13	1
5.0 1.0 16 125 125 3 13	1
2.0 1.0 73 125 125 4 20	1
0 0 4 125 125 2 0	1
1.0 1.0 8 125 125 3 2	1
2.0 1.0 73 125 125 4 12	1
2.5 1.0 16 125 125 4 26	1
1.0 1.0 73 125 125 4 3	1
1.5 1.0 73 125 125 4 7	1
2.0 1.0 73 125 125 3 13	1
3.0 1.0 73 125 125 4 16	1
2.0 1.0 73 125 125 3 12	1
1.5 1.0 73 125 125 4 8	1
2.0 1.0 16 125 125 3 12	1
2.0 1.0 73 125 125 3 12	1
1.0 1.0 73 125 125 3 8	1
0 0 4 125 125 2 0	1
2.0 1.0 73 125 125 4 21	1
2.0 1.0 16 125 125 4 21	1
1.0 1.0 2 125 125 3 2	1
2.0 1.0 73 125 125 3 13	1
1.66666666667 1.0 73 125 125 7 19	1
1.0 1.0 8 125 125 3 4	1
3.0 1.0 8 125 125 4 15	1
2.0 1.0 8 125 125 4 11	1
2.0 1.0 8 125 125 7 19	1
2.0 1.0 16 125 125 4 12	1
2.0 1.0 73 125 125 4 5	1
5.0 1.0 73 125 125 3 13	1
3.0 1.0 73 125 125 3 8	1
2.0 1.0 73 125 125 5 28	1
2.5 1.0 73 125 125 4 26	1
1.0 1.0 73 125 125 3 8	1
3.0 1.0 16 125 125 4 16	1
2.5 1.0 73 125 125 4 13	1
0 0 73 125 125 3 0	1
2.0 1.0 73 125 125 3 14	1
2.0 1.0 2 125 125 4 6	1
2.0 1.0 73 125 125 3 12	1
1.33333333333 1.0 73 125 125 16 42	1
2.0 1.0 73 125 125 3 12	1
0 0 73 125 125 2 0	1
0 0 73 125 125 2 0	1
2.0 1.0 8 125 125 3 2	1
2.5 1.0 73 125 125 4 26	1
1.0 1.0 73 125 125 4 4	1
1.0 1.0 73 125 125 3 8	1
2.0 1.0 73 125 125 5 28	1
2.0 1.0 73 125 125 4 8	1
1.0 1.0 73 125 125 3 8	1
2.0 1.0 73 125 125 4 21	1
3.0 1.0 73 125 125 4 16	1
5.0 1.0 2 125 125 3 13	1
2.0 1.0 2 125 125 4 8	1
6.33333333333 6.33333333333 164 12 231 5 132	1
8.0 8.0 2 98 231 4 124	1
8.0 8.0 2 98 231 4 124	1
6.33333333333 6.33333333333 164 12 231 5 142	1
3.0 4.66666666667 164 12 231 5 65	1
1.0 2.5 164 98 231 4 14	1
6.66666666667 11.6666666667 164 12 231 5 73	1
3.33333333333 6.0 164 12 231 5 66	1
6.33333333333 6.33333333333 164 12 231 5 142	1
6.33333333333 6.33333333333 164 2 231 5 132	1
5.0 5.5 4 98 231 6 136	1
5.25 5.5 16 98 231 6 132	1
8.0 8.0 164 2 231 4 124	1
8.0 8.0 164 98 231 4 124	1
5.25 9.75 164 98 231 6 85	1
1.0 2.5 164 98 231 4 14	1
5.75 6.0 16 98 231 6 148	1
4.66666666667 4.0 16 98 231 5 83	1
4.5 7.5 164 10 231 8 107	1
6.33333333333 6.33333333333 16 98 231 5 142	1
8.0 8.0 164 2 231 4 124	1
6.33333333333 6.33333333333 16 98 231 5 142	1
8.0 8.0 164 98 231 4 124	1
2.57142857143 5.14285714286 164 10 231 9 40	1
9.0 8.0 164 10 231 3 67	1
1.0 2.5 164 10 231 4 14	1
6.0 5.0 164 98 231 4 77	1
4.66666666667 4.0 164 98 231 5 87	1
4.66666666667 4.0 164 12 231 5 83	1
6.0 5.5 2 98 231 4 75	1
4.66666666667 4.0 16 98 231 5 83	1
4.5 5.75 164 12 231 6 134	1
6.0 5.0 2 98 231 4 77	1
8.0 8.0 2 98 231 4 124	1
4.33333333333 4.66666666667 164 12 231 5 79	1
6.33333333333 6.33333333333 2 98 231 5 142	1
1.0 2.33333333333 164 2 231 5 20	1
3.66666666667 5.33333333333 164 12 231 5 63	1
8.0 8.0 164 2 231 4 124	1
6.33333333333 6.33333333333 4 98 231 5 132	1
8.0 8.0 164 12 231 4 124	1
6.33333333333 6.33333333333 16 98 231 5 142	1
1.0 3.0 164 10 231 4 18	1
3.0 3.5 2 98 231 4 8	1
6.33333333333 6.33333333333 16 98 231 5 142	1
1.75 8.0 43 2 49 6 99	1
1.66666666667 9.66666666667 43 2 49 5 85	1
2.0 12.0 43 8 49 4 83	1
1.75 8.0 43 8 49 6 91	1
2.0 12.0 43 2 49 4 83	1
2.0 10.3333333333 43 2 49 5 97	1
1.66666666667 9.0 43 3 49 5 86	1
1.5 6.0 43 8 49 8 95	1
1.33333333333 5.33333333333 43 3 49 4 45	1
0 0 43 14 49 2 0	1
2.0 12.0 43 14 49 4 83	1
2.0 12.0 43 8 49 4 83	1
2.0 12.0 4 14 49 4 83	1
2.0 10.3333333333 43 8 49 5 97	1
2.0 10.3333333333 43 2 49 5 97	1
2.0 10.3333333333 4 14 49 5 97	1
2.0 12.0 43 14 49 4 83	1
2.0 10.3333333333 43 2 49 5 97	1
2.0 12.0 43 8 49 4 83	1
1.5 6.75 43 2 49 6 87	1
2.0 12.0 43 2 49 4 83	1
0 0 43 14 49 2 0	1
2.0 9.5 43 8 49 4 56	1
2.0 12.0 43 8 49 4 83	1
2.25 1.0 15 344 439 6 19	1
4.0 1.0 15 344 439 5 27	1
4.0 1.0 9 344 439 5 36	1
3.66666666667 1.0 9 344 439 6 31	1
1.66666666667 1.0 2 344 439 5 28	1
4.0 1.0 187 344 439 4 28	1
3.0 1.0 9 344 439 8 60	1
1.4 1.0 8 344 439 7 27	1
3.2 2.4 187 344 439 7 10	1
2.0 1.0 9 344 439 5 12	1
1.0 1.0 8 344 439 6 18	1
5.0 1.0 15 344 439 4 18	1
4.0 1.0 187 344 439 4 46	1
3.5 1.0 8 344 439 6 53	1
2.6 1.0 187 344 439 7 39	1
2.6 1.4 2 344 439 7 35	1
1.8 1.0 8 344 439 7 36	1
2.66666666667 1.0 187 344 439 5 20	1
1.5 1.0 2 344 439 6 8	1
2.0 1.0 15 344 439 7 17	1
4.0 1.0 15 344 439 4 28	1
3.66666666667 1.0 15 344 439 5 38	1
3.0 1.66666666667 187 344 439 5 24	1
1.0 1.0 2 3 3 5 6	1
1.0 2.25 15 3 19 6 14	1
2.0 3.0 15 4 19 5 16	1
2.0 3.5 15 2 19 4 12	1
1.0 2.66666666667 15 4 19 5 16	1
1.0 1.5 15 2 19 4 4	1
1.0 3.0 15 2 19 5 17	1
1.75 2.5 3 6 19 6 18	1
3.0 5.0 83 6 159 3 19	1
2.0 6.0 83 2 159 4 33	1
2.0 5.0 83 114 159 3 23	1
2.0 3.5 83 114 159 4 21	1
2.0 6.0 83 2 159 4 33	1
1.5 3.0 83 114 159 4 25	1
2.0 6.0 83 4 159 4 33	1
1.66666666667 4.33333333333 83 114 159 5 35	1
2.0 2.33333333333 83 114 159 5 25	1
1.5 3.0 83 114 159 4 25	1
1.33333333333 2.66666666667 83 2 159 5 29	1
1.33333333333 3.33333333333 83 2 159 8 32	1
1.75 2.0 83 114 159 6 11	1
2.0 6.0 83 4 159 4 33	1
1.5 3.0 83 114 159 5 28	1
2.25 2.75 2 114 159 6 44	1
2.14285714286 2.71428571429 83 5 159 9 58	1
0 0 2 114 159 2 0	1
1.0 2.0 83 2 159 5 6	1
2.0 4.5 83 6 159 4 21	1
2.14285714286 2.71428571429 83 5 159 9 58	1
2.0 3.0 83 2 159 3 2	1
3.0 5.0 2 114 159 3 19	1
2.0 5.0 83 2 159 3 23	1
1.5 3.5 83 114 159 4 29	1
2.0 2.66666666667 83 114 159 4 25	1
2.0 3.5 83 2 159 4 21	1
2.0 6.0 83 2 159 4 33	1
1.33333333333 3.66666666667 83 2 159 5 26	1
1.5 3.5 83 114 159 4 29	1
1.14285714286 2.14285714286 83 2 159 9 41	1
2.5 3.0 2 114 159 4 23	1
2.0 3.5 83 6 159 4 22	1
1.66666666667 4.33333333333 2 114 159 5 35	1
3.0 5.0 83 2 159 3 19	1
5.0 1.66666666667 2 184 308 5 48	1
2.0 1.5 2 184 308 4 8	1
5.0 2.5 190 2 308 4 28	1
4.0 6.25 190 2 308 6 22	1
6.0 4.0 190 8 308 4 30	1
4.25 2.0 2 184 308 6 46	1
5.0 2.5 3 184 308 4 28	1
2.66666666667 2.66666666667 190 184 308 5 32	1
5.0 2.5 6 184 308 4 28	1
1.0 3.0 190 184 308 4 4	1
5.0 1.66666666667 2 184 308 5 48	1
1.0 4.5 190 184 308 4 12	1
0 0 190 184 308 2 0	1
2.33333333333 6.33333333333 190 2 308 5 24	1
2.66666666667 6.33333333333 190 8 308 5 28	1
2.5 2.75 190 184 308 6 36	1
4.66666666667 1.66666666667 6 184 308 5 46	1
4.0 4.0 190 184 308 5 38	1
2.25 2.25 190 184 308 6 34	1
2.66666666667 7.33333333333 190 184 308 5 24	1
2.75 2.25 190 184 308 6 40	1
1.0 1.0 190 8 308 3 2	1
3.0 5.33333333333 190 8 308 5 20	1
2.0 1.0 190 184 308 3 2	1
5.66666666667 3.0 6 184 308 5 50	1
4.5 2.0 190 184 308 4 26	1
6.0 4.0 2 184 308 4 30	1
2.66666666667 6.33333333333 190 184 308 5 28	1
1.0 1.0 190 184 308 3 2	1
1.75 1.0 2 19 19 6 14	1
1.125 1.0 4 19 19 10 18	1
1.4 1.0 2 19 19 7 14	1
1.33333333333 1.0 2 19 19 8 16	1
0 0 4 19 19 2 0	1
1.0 1.0 2 19 19 7 10	1
1.5 1.0 2 19 19 6 12	1
2.18421052632 4.76315789474 3 68 123 40 180	1
0 0 103 2 123 2 0	1
1.0 2.0 103 2 123 3 4	1
2.0 4.0 103 2 123 3 2	1
0 0 103 68 123 2 0	1
1.0 1.5 103 68 123 4 4	1
1.5 6.0 103 68 123 4 28	1
2.0 1.0 103 68 123 3 7	1
2.0 1.0 2 68 123 3 7	1
1.5 6.0 103 3 123 4 25	1
1.5 6.0 103 68 123 4 28	1
1.0 1.0 103 68 123 3 6	1
2.0 6.0 103 68 123 4 42	1
1.66666666667 4.0 103 68 123 5 44	1
1.4 4.0 103 8 123 7 54	1
1.33333333333 2.66666666667 103 18 123 5 8	1
2.5 5.5 2 68 123 4 42	1
2.0 7.0 103 2 123 4 42	1
1.0 4.0 103 2 123 3 4	1
1.0 1.0 103 68 123 4 8	1
2.0 5.0 103 8 123 4 40	1
1.66666666667 4.33333333333 103 68 123 5 46	1
1.5 6.0 103 2 123 4 22	1
1.0 1.0 103 68 123 5 10	1
1.66666666667 3.66666666667 103 8 123 5 42	1
0 0 103 18 123 2 0	1
2.0 8.0 103 68 123 3 15	1
1.5 6.0 103 18 123 4 28	1
2.0 7.0 103 2 123 4 42	1
2.0 4.5 103 68 123 4 40	1
1.57142857143 2.57142857143 103 68 123 9 50	1
1.4 2.8 103 4 123 7 46	1
2.0 8.0 103 18 123 3 15	1
1.5 4.5 103 2 123 4 22	1
2.0 1.0 103 68 123 3 7	1
1.8 4.6 103 4 123 7 53	1
2.0 6.0 103 18 123 4 42	1
1.0 4.0 103 18 123 3 4	1
2.0 5.5 103 68 123 4 42	1
0 0 103 68 123 2 0	1
1.0 2.0 103 2 123 3 4	1
0 0 103 68 123 2 0	1
1.33333333333 1.0 2 68 123 5 6	1
3.0 6.0 103 8 123 3 5	1
1.5 6.5 103 2 123 4 17	1
2.0 5.5 103 68 123 4 40	1
3.0 8.0 103 68 123 3 38	1
1.5 6.0 103 2 123 4 28	1
1.5 6.0 103 18 123 4 25	1
2.0 8.0 103 68 123 3 15	1
1.5 4.5 103 18 123 4 17	1
1.0 1.0 103 68 123 4 4	1
1.5 6.5 103 18 123 4 17	1
1.4 4.0 103 68 123 7 54	1
1.0 1.33333333333 42 4 144 5 6	1
3.0 1.0 2 132 144 5 14	1
2.33333333333 2.0 42 6 144 5 30	1
1.6 1.0 2 132 144 12 33	1
4.33333333333 1.33333333333 16 132 144 5 44	1
2.5 1.0 2 132 144 4 4	1
5.0 2.33333333333 42 132 144 5 67	1
1.0 1.0 42 132 144 5 6	1
3.33333333333 1.66666666667 2 132 144 5 28	1
1.66666666667 1.0 2 132 144 5 7	1
4.0 1.0 2 132 144 4 12	1
5.25 1.75 16 132 144 6 84	1
7.5 2.5 8 132 144 4 64	1
3.0 1.5 42 132 144 4 22	1
3.0 1.0 10 132 144 3 6	1
1.0 1.0 16 132 144 3 2	1
3.0 1.0 8 132 144 3 6	1
2.5 1.0 2 132 144 8 12	1
2.0 1.0 2 132 144 6 18	1
4.0 1.0 8 132 144 3 8	1
6.0 1.75 4 132 144 6 90	1
4.0 2.0 16 132 144 3 18	1
5.25 1.75 4 132 144 6 76	1
5.66666666667 2.33333333333 42 4 144 5 71	1
6.0 1.75 10 132 144 6 90	1
3.0 1.0 2 132 144 3 6	1
6.5 2.0 2 132 144 4 50	1
9.0 3.0 4 132 144 3 42	1
1.0 1.0 10 132 144 3 2	1
2.0 1.0 16 132 144 3 6	1
3.5 1.0 8 132 144 4 10	1
1.0 1.0 1 132 144 4 3	1
6.5 2.5 4 132 144 4 60	1
5.0 2.0 8 132 144 4 44	1
5.75 1.75 16 132 144 6 86	1
4.0 2.25 42 6 144 6 72	1
3.33333333333 1.33333333333 4 132 144 5 8	1
3.0 1.0 42 132 144 4 15	1
3.5 1.5 4 132 144 6 48	1
2.0 1.0 16 132 144 3 6	1
9.0 3.0 10 132 144 3 42	1
4.0 1.0 42 132 144 3 10	1
5.5 2.0 10 132 144 6 89	1
6.66666666667 2.0 8 132 144 5 82	1
3.0 2.0 42 6 144 4 26	1
5.66666666667 1.66666666667 8 132 144 5 64	1
5.25 1.75 8 132 144 6 76	1
4.0 2.0 16 132 144 3 18	1
2.25 1.0 2 50 50 6 13	1
3.0 1.0 2 50 50 7 16	1
3.5 1.0 2 50 50 4 9	1
1.83333333333 1.0 19 100 100 9 25	1
2.0 1.0 2 100 100 5 12	1
2.33333333333 1.0 4 100 100 8 36	1
2.5 1.0 5 100 100 6 18	1
2.0 1.0 3 100 100 4 8	1
1.2 1.0 4 100 100 7 18	1
4.66666666667 1.0 2 100 100 5 36	1
1.85714285714 1.0 4 100 100 9 35	1
1.75 1.0 2 100 100 6 14	1
4.66666666667 1.0 6 100 100 5 36	1
6.33333333333 1.0 2 100 100 5 42	1
1.85714285714 1.0 19 100 100 10 48	1
7.5 1.0 2 100 100 4 34	1
1.8 1.0 2 100 100 7 16	1
4.33333333333 1.0 5 100 100 5 32	1
4.0 1.0 2 100 100 6 33	1
1.42857142857 1.0 19 100 100 10 43	1
6.0 1.0 5 100 100 5 38	1
3.4 1.0 3 100 100 7 33	1
6.33333333333 1.0 2 100 100 5 42	1
1.0 1.0 4 100 100 6 16	1
6.0 1.0 4 100 100 3 12	1
1.25 1.0 19 100 100 6 13	1
1.0 1.0 2 100 100 5 6	1
3.0 1.0 4 100 100 3 6	1
5.0 1.0 4 100 100 4 24	1
2.66666666667 1.0 3 100 100 6 22	1
4.33333333333 1.0 2 100 100 5 30	1
2.25 1.0 19 100 100 7 22	1
1.0 1.0 19 100 100 4 6	1
6.0 1.0 4 100 100 4 29	1
2.125 1.0 2 100 100 10 39	1
4.5 1.0 2 100 100 4 18	1
1.0 1.0 5 100 100 5 6	1
3.5 1.0 2 100 100 6 28	1
6.0 1.0 6 100 100 4 29	1
3.8 1.0 2 100 100 7 39	1
2.0 1.0 3 100 100 5 9	1
3.0 1.0 19 100 100 6 21	1
2.0 1.0 6 100 100 5 16	1
1.0 2.0 19 11 24 5 16	1
1.0 2.0 19 9 24 4 10	1
1.0 1.0 2 3 3 3 2	1
1.66666666667 6.33333333333 39 2 43 5 54	1
2.0 8.5 39 4 43 4 50	1
1.66666666667 4.33333333333 39 17 43 5 46	1
2.0 8.5 39 2 43 4 50	1
1.75 6.25 39 2 43 6 68	1
2.0 5.5 39 4 43 4 40	1
2.0 5.66666666667 39 17 43 5 54	1
2.0 7.66666666667 39 4 43 5 64	1
3.0 10.0 39 4 43 3 38	1
2.5 6.5 39 4 43 4 50	1
2.5 6.5 2 17 43 4 50	1
1.6 4.8 39 4 43 7 68	1
1.25 2.5 39 17 43 6 26	1
1.75 4.75 39 4 43 6 62	1
1.5 4.5 39 4 43 6 56	1
2.5 8.0 2 17 43 4 52	1
2.5 8.0 39 2 43 4 52	1
2.0 5.5 39 17 43 4 40	1
2.0 6.0 39 17 43 5 58	1
2.5 8.0 39 2 43 4 52	1
1.5 2.5 39 17 43 4 16	1
3.5 1.0 2 28 30 6 22	1
4.0 1.0 2 28 30 7 30	1
2.5 2.0 3 2 30 4 8	1
3.0 1.0 4 28 30 7 28	1
2.83333333333 1.0 2 28 30 8 32	1
4.2 1.0 2 28 30 7 30	1
4.5 1.0 4 28 30 6 28	1
3.2 1.0 2 28 30 7 26	1
3.71428571429 1.0 2 28 30 9 34	1
2.0 1.66666666667 2 28 30 5 10	1
1.0 3.0 14 24 31 3 4	1
1.0 4.0 14 2 31 4 4	1
1.0 3.0 14 2 31 3 4	1
1.0 2.0 14 24 31 4 5	1
1.0 1.83333333333 14 2 31 8 25	1
14.0 11.0 880 859 1262 3 104	1
9.33333333333 12.0 53 859 1262 5 238	1
3.5 2.5 880 859 1262 4 18	1
1.0 1.0 880 24 1262 3 2	1
3.0 4.0 880 18 1262 3 14	1
4.0 10.3333333333 880 2 1262 5 169	1
8.33333333333 8.33333333333 56 859 1262 5 118	1
26.0 40.0 880 30 1262 3 240	1
1.66666666667 1.66666666667 60 859 1262 5 12	1
18.0 24.0 880 12 1262 3 186	1
26.0 40.0 2 859 1262 3 240	1
1.0 3.0 880 30 1262 3 6	1
7.5 18.0 880 8 1262 4 205	1
10.0 14.0 880 859 1262 4 200	1
0 0 880 859 1262 2 0	1
3.0 1.0 60 859 1262 4 22	1
3.0 3.0 880 6 1262 3 14	1
10.0 13.5 880 859 1262 4 194	1
9.66666666667 14.0 60 859 1262 5 244	1
9.33333333333 10.3333333333 2 859 1262 5 183	1
10.5 13.0 2 859 1262 4 196	1
0 0 880 859 1262 2 0	1
6.0 4.0 16 859 1262 4 18	1
7.0 8.0 60 859 1262 3 40	1
5.0 13.0 880 859 1262 3 44	1
13.5 20.5 60 859 1262 4 242	1
18.0 24.0 53 859 1262 3 186	1
4.0 11.0 880 18 1262 3 34	1
5.5 14.0 60 859 1262 4 162	1
2.0 4.5 880 6 1262 4 46	1
13.5 20.5 2 859 1262 4 242	1
4.2 5.8 880 859 1262 7 60	1
5.66666666667 8.33333333333 880 859 1262 5 34	1
4.44444444444 6.22222222222 880 859 1262 11 256	1
7.0 10.6666666667 880 4 1262 5 222	1
7.0 7.0 16 859 1262 3 6	1
2.0 5.0 880 859 1262 4 28	1
5.0 5.83333333333 880 2 1262 8 182	1
26.0 40.0 56 859 1262 3 240	1
4.33333333333 10.6666666667 880 2 1262 5 171	1
3.0 1.0 880 859 1262 3 14	1
1.66666666667 3.66666666667 880 859 1262 5 56	1
3.0 4.0 880 2 1262 3 14	1
0 0 880 2 1262 2 0	1
2.0 4.0 880 859 1262 3 14	1
10.0 14.5 880 859 1262 4 206	1
1.0 1.0 53 859 1262 3 2	1
2.0 3.0 880 2 1262 3 8	1
2.0 4.0 880 18 1262 3 14	1
26.0 40.0 56 859 1262 3 240	1
5.66666666667 14.0 880 859 1262 5 226	1
8.66666666667 11.3333333333 2 859 1262 5 228	1
1.0 1.0 880 859 1262 4 8	1
10.3333333333 10.0 880 6 1262 5 206	1
1.0 9.0 880 2 1262 3 32	1
12.0 16.6666666667 22 859 1262 5 290	1
3.0 1.0 880 859 1262 3 14	1
2.5 4.0 880 24 1262 4 28	1
5.5 15.0 880 4 1262 4 167	1
5.0 9.5 60 859 1262 4 82	1
6.14285714286 10.0 880 4 1262 9 382	1
10.5 14.0 53 859 1262 4 198	1
8.33333333333 14.6666666667 880 18 1262 5 228	1
3.0 6.6 880 24 1262 7 12	1
3.0 3.0 18 859 1262 3 14	1
4.33333333333 5.0 880 859 1262 5 30	1
2.5 5.75 880 859 1262 6 82	1
4.0 10.0 880 24 1262 5 164	1
2.33333333333 8.0 880 2 1262 5 78	1
3.0 3.0 60 859 1262 4 4	1
3.5 11.25 880 6 1262 6 118	1
4.5 5.0 2 859 1262 4 8	1
13.5 20.5 22 859 1262 4 244	1
26.0 40.0 56 859 1262 3 240	1
1.0 5.0 880 859 1262 4 44	1
10.3333333333 13.6666666667 56 859 1262 5 50	1
26.0 40.0 56 859 1262 3 240	1
0 0 880 12 1262 2 0	1
3.66666666667 8.0 880 859 1262 5 145	1
1.0 9.0 880 859 1262 3 32	1
2.0 1.0 4 859 1262 3 4	1
14.0 11.0 880 859 1262 3 104	1
1.0 1.25 880 2 1262 6 8	1
4.0 3.0 880 4 1262 3 22	1
26.0 40.0 880 6 1262 3 240	1
5.33333333333 12.3333333333 880 859 1262 5 207	1
26.0 40.0 880 859 1262 3 240	1
4.9 5.8 16 859 1262 22 338	1
11.0 13.5 880 859 1262 4 202	1
3.4 1.6 56 859 1262 7 20	1
7.2 11.0 880 859 1262 7 300	1
5.0 6.15 16 859 1262 22 370	1
10.0 12.0 880 859 1262 4 132	1
2.0 4.0 4 859 1262 3 14	1
2.0 5.0 53 859 1262 3 28	1
8.0 7.0 880 859 1262 5 165	1
11.0 17.0 880 859 1262 5 278	1
5.5 3.0 880 859 1262 4 8	1
0 0 880 4 1262 2 0	1
2.66666666667 3.0 880 859 1262 5 12	1
3.0 6.0 880 25 1262 3 10	1
3.5 4.875 880 859 1262 10 155	1
2.0 4.0 880 2 1262 3 4	1
6.2 6.8 880 8 1262 7 124	1
13.5 20.5 880 859 1262 4 242	1
7.33333333333 7.66666666667 880 6 1262 5 144	1
5.0 9.5 880 4 1262 4 82	1
2.0 5.0 880 2 1262 3 14	1
4.0 3.0 22 859 1262 3 16	1
3.33333333333 4.66666666667 880 2 1262 5 68	1
6.42857142857 9.85714285714 880 25 1262 9 268	1
2.66666666667 3.33333333333 880 859 1262 5 42	1
2.0 1.0 56 859 1262 3 4	1
2.0 5.33333333333 880 859 1262 5 74	1
14.0 11.0 880 859 1262 3 104	1
5.6 4.8 880 859 1262 7 144	1
3.44444444444 6.22222222222 22 859 1262 11 261	1
5.08333333333 3.41666666667 2 859 1262 14 126	1
0 0 880 859 1262 2 0	1
2.0 5.0 880 859 1262 3 28	1
1.28571428571 1.28571428571 880 859 1262 9 26	1
1.78947368421 2.42105263158 880 859 1262 21 56	1
3.75 8.75 880 2 1262 6 175	1
26.0 40.0 880 2 1262 3 240	1
2.0 5.0 53 859 1262 3 28	1
26.0 40.0 880 859 1262 3 240	1
2.0 1.0 880 859 1262 4 8	1
6.75 6.25 4 859 1262 6 181	1
10.0 13.5 880 24 1262 4 194	1
2.0 5.0 880 859 1262 3 28	1
26.0 40.0 56 859 1262 3 240	1
6.33333333333 10.0 880 859 1262 8 270	1
9.0 1.0 56 859 1262 3 14	1
2.0 3.66666666667 880 6 1262 5 18	1
1.75 4.0 880 6 1262 6 58	1
2.0 2.66666666667 60 859 1262 5 20	1
11.0 20.3333333333 880 6 1262 5 274	1
3.0 15.0 880 859 1262 3 24	1
26.0 40.0 880 859 1262 3 240	1
7.5 18.0 880 12 1262 4 205	1
5.5 15.0 880 8 1262 4 167	1
2.75 9.0 880 859 1262 6 98	1
3.4 3.8 18 859 1262 7 84	1
7.33333333333 7.33333333333 880 859 1262 5 150	1
7.0 10.6666666667 880 6 1262 5 222	1
0 0 880 859 1262 2 0	1
1.5 2.75 880 859 1262 6 40	1
6.33333333333 13.6666666667 880 2 1262 5 223	1
